LISTA DE ADJACENCIAS : 
[210]328 937 274 441 393 889 
[889]222 519 853 76 210 
[393]60 176 268 52 177 9 19 81 432 886 210 
[886]205 25 23 497 383 810 393 
[432]403 926 604 706 753 939 507 868 156 682 213 347 393 
[441]497 51 309 398 552 257 210 
[347]575 15 490 634 343 432 
[213]354 912 904 746 403 432 
[682]209 433 431 668 548 207 146 432 
[156]151 432 
[81]286 866 663 837 393 
[868]932 320 292 450 999 823 432 
[146]555 887 682 
[403]576 432 102 353 49 812 152 530 854 213 
[343]277 571 978 714 347 
[810]194 192 813 600 893 651 115 736 168 886 
[854]57 855 174 479 403 
[530]73 858 179 54 338 402 403 
[168]161 134 580 68 474 367 810 
[823]867 695 466 487 719 642 967 868 
[383]255 216 652 886 
[367]287 500 505 168 
[736]675 457 157 608 810 
[257]228 878 441 
[115]231 246 254 884 455 384 42 810 
[967]960 282 73 744 828 823 
[151]929 327 648 892 525 156 
[642]899 481 723 823 
[652]908 498 832 383 
[746]572 581 521 203 349 213 
[832]50 652 
[507]248 705 444 985 432 
[525]166 906 362 471 667 352 151 
[274]920 440 258 879 210 
[479]493 955 400 854 
[985]66 838 426 38 278 261 435 507 
[207]684 84 104 118 682 
[474]989 6 168 
[402]778 113 532 235 530 
[118]808 707 954 486 207 
[68]821 382 417 168 
[651]477 165 686 124 810 
[435]929 582 903 238 974 985 
[719]495 170 14 823 
[893]802 810 
[6]474 
[42]70 782 28 112 115 
[235]142 710 163 402 
[417]601 68 
[532]96 775 402 
[939]679 180 815 432 
[828]940 364 190 388 967 
[19]196 356 573 508 393 
[352]295 55 526 525 
[723]125 748 642 
[486]494 595 288 681 777 118 
[163]537 302 88 1 687 235 
[687]355 405 992 250 234 163 
[152]159 251 882 611 403 
[552]619 381 248 626 311 441 
[548]29 447 941 682 
[311]261 638 675 552 
[999]387 482 491 994 605 868 
[349]890 460 746 
[398]148 441 
[954]504 824 965 291 118 
[600]543 319 810 
[608]446 694 950 569 736 
[124]212 819 546 651 
[667]290 496 739 525 
[174]970 65 854 
[444]706 561 262 62 507 
[112]871 42 
[62]444 
[216]383 
[400]745 50 479 
[384]296 740 623 443 720 755 591 115 
[739]583 153 242 667 
[707]242 484 916 72 118 
[471]840 117 333 525 
[569]557 359 740 848 608 
[14]217 312 579 719 
[950]8 280 378 270 608 
[455]187 43 115 
[261]311 144 110 897 985 
[278]905 796 985 
[611]225 152 
[579]631 109 236 785 779 794 14 
[812]943 421 403 
[794]92 658 579 
[203]746 
[450]37 644 868 
[777]241 486 
[338]992 991 530 
[681]486 
[974]664 656 77 429 269 709 64 435 
[626]192 860 483 74 552 
[64]660 229 322 734 974 
[884]35 944 220 115 
[714]208 343 
[270]18 527 950 
[498]773 969 652 
[72]690 624 707 
[815]607 189 717 930 939 
[74]626 
[855]140 63 854 
[882]570 407 152 
[497]441 534 806 627 363 683 886 
[9]628 865 565 712 40 393 
[710]925 439 674 401 691 235 
[76]636 249 463 39 857 889 
[591]298 147 384 
[857]221 76 
[157]133 909 736 
[709]814 388 239 406 305 45 974 
[753]646 834 432 
[40]438 306 975 9 
[691]710 
[878]16 126 564 725 257 
[526]726 352 
[63]887 797 855 
[28]984 671 42 
[45]588 709 
[726]968 616 826 526 
[675]736 640 311 
[904]130 213 
[401]962 612 186 710 
[505]515 458 883 367 
[796]182 278 
[782]488 995 370 881 42 
[686]3 499 811 872 651 
[837]704 409 82 135 81 
[262]79 444 
[725]878 
[706]444 452 432 
[177]393 
[487]563 56 823 
[142]527 704 195 143 235 
[135]32 103 837 
[254]983 115 
[909]285 540 157 
[975]247 572 30 538 40 
[251]152 
[242]707 315 739 
[671]632 131 28 
[640]93 711 675 
[604]432 
[580]411 485 168 
[834]92 753 
[496]597 406 667 
[546]622 124 
[483]301 331 626 
[331]839 459 408 784 483 
[892]276 698 835 151 
[540]516 169 628 970 233 909 
[648]945 598 121 151 
[248]507 801 763 330 552 
[103]567 829 885 891 729 468 135 
[234]938 687 
[683]747 379 724 497 
[711]5 820 184 640 
[233]728 851 540 
[309]633 155 441 
[180]845 111 959 939 
[388]709 875 828 
[184]949 711 
[238]55 799 435 
[306]407 53 40 
[50]832 400 
[908]811 774 350 730 652 
[930]815 
[745]400 
[381]568 743 482 552 
[605]801 606 874 999 
[835]625 351 892 
[744]185 967 
[926]811 432 
[121]198 703 265 160 535 648 
[881]743 751 782 
[49]303 403 
[468]139 60 103 
[43]536 69 273 455 
[755]437 803 384 
[363]392 198 516 503 497 
[55]238 425 352 
[382]575 693 68 
[327]151 
[730]977 908 
[916]980 707 
[269]294 765 974 
[228]175 257 
[165]291 41 651 
[848]849 569 
[362]752 649 525 
[819]689 276 124 
[853]946 345 942 889 
[538]140 386 696 620 975 
[131]551 671 
[288]722 486 
[148]232 398 
[729]814 103 
[104]780 119 207 
[291]165 954 
[208]599 255 501 833 46 714 
[941]114 245 129 548 
[457]260 340 847 859 914 736 
[620]973 807 764 732 757 538 
[891]678 103 
[521]775 86 141 332 555 746 
[717]918 815 
[674]740 490 533 710 
[84]517 653 639 523 207 
[872]722 895 686 
[185]744 
[883]767 505 
[523]178 171 84 
[601]170 123 615 417 
[155]635 339 183 309 
[918]858 35 717 
[734]204 64 
[39]48 520 76 
[784]750 21 331 
[965]149 199 954 
[70]108 26 511 42 
[914]668 910 98 83 457 
[370]593 442 782 
[52]688 659 393 
[466]514 570 823 
[452]738 706 
[350]27 325 919 908 
[153]742 188 739 
[186]621 401 
[60]393 542 272 468 
[83]427 914 
[820]711 
[447]271 548 
[859]457 
[130]902 924 904 
[187]316 284 455 
[30]830 975 
[408]10 326 331 
[56]979 945 487 
[139]37 120 78 468 
[303]586 559 666 49 
[694]568 608 
[627]787 898 497 
[751]490 881 
[182]796 
[134]220 494 462 876 168 
[53]448 529 306 
[46]673 894 531 61 208 
[644]809 450 
[748]723 
[427]290 957 374 83 
[61]931 46 
[225]555 611 
[429]534 974 
[330]85 801 248 
[695]510 823 
[897]574 397 261 
[1]630 522 163 
[199]645 965 
[803]755 
[65]369 614 47 174 
[696]752 870 538 
[945]648 465 56 
[190]16 164 987 828 
[801]605 248 330 
[273]993 528 20 553 43 
[47]862 410 843 65 
[634]347 
[149]519 122 965 
[312]89 456 14 
[386]700 538 
[284]789 715 240 187 
[799]357 238 
[563]861 487 
[678]900 592 891 
[861]543 563 
[276]892 425 544 264 996 819 
[305]377 709 
[712]321 9 
[485]415 392 493 599 580 
[442]5 998 370 
[592]164 688 557 678 
[666]476 303 
[503]293 106 363 
[722]246 872 288 
[555]225 146 733 662 635 521 
[322]836 64 
[879]274 
[843]470 321 47 
[924]304 337 756 130 
[406]556 709 496 
[292]504 868 
[397]17 252 917 897 
[989]267 824 281 474 
[439]798 59 710 
[272]584 550 513 60 
[143]109 142 
[978]685 343 
[917]467 397 
[570]882 942 227 641 466 
[23]481 886 
[955]479 
[516]540 603 617 363 
[258]36 971 472 274 
[364]424 828 
[542]60 
[564]878 
[565]741 9 
[77]22 661 974 
[898]443 577 387 627 
[942]175 570 853 
[867]927 587 823 
[319]89 395 600 
[79]425 262 
[500]267 901 367 
[171]523 
[188]842 153 
[531]852 46 
[57]355 515 854 
[757]620 
[902]762 361 737 130 
[959]180 
[811]908 733 926 686 
[250]446 586 214 687 
[333]761 237 471 
[463]844 697 76 
[332]66 593 988 521 
[38]985 
[515]887 505 654 57 
[110]237 947 261 
[775]521 969 922 532 
[684]207 
[551]366 131 
[111]107 239 609 180 
[581]24 746 
[59]439 
[931]638 61 
[996]923 137 276 
[659]869 556 850 52 
[851]233 
[437]976 635 755 
[249]454 76 
[732]688 677 470 620 
[470]843 732 
[425]934 276 79 55 
[830]358 475 30 
[969]775 87 838 454 498 
[756]924 
[198]121 363 
[836]322 
[661]934 77 
[742]247 80 153 
[54]511 560 360 530 
[983]167 254 
[624]613 72 
[21]310 594 727 772 721 817 784 
[69]454 43 
[598]578 718 181 648 
[106]858 888 951 503 
[353]301 993 403 
[360]54 
[705]669 507 
[378]633 950 
[92]794 558 834 
[568]381 827 694 
[697]805 463 
[656]790 974 
[195]142 
[181]598 
[458]505 
[119]266 104 
[977]436 730 
[663]24 66 193 81 
[720]384 
[817]915 21 
[117]78 464 754 471 
[246]722 150 731 115 
[421]812 
[887]63 515 907 418 952 192 921 146 
[454]69 249 453 969 
[833]964 445 208 
[280]419 950 
[850]907 659 
[183]911 67 155 
[316]187 
[870]373 696 
[731]226 243 389 246 
[814]984 709 858 323 729 
[992]338 673 776 336 687 
[906]818 391 829 986 451 890 525 
[150]246 
[689]819 
[374]783 427 
[638]311 607 2 931 
[639]508 84 
[80]742 
[949]961 154 184 
[543]861 600 
[641]220 211 701 570 
[126]91 878 
[129]941 
[998]735 478 680 795 442 
[951]267 875 106 
[845]180 
[838]985 420 969 
[237]110 449 333 
[73]673 325 530 344 967 
[166]89 525 
[449]237 
[805]423 697 
[231]699 115 
[677]430 766 789 732 
[355]687 57 
[32]791 135 
[373]22 913 870 
[797]657 63 
[701]641 
[876]12 134 
[508]445 639 308 253 489 19 
[824]989 954 
[389]335 880 509 731 
[509]389 
[443]898 138 384 
[366]873 551 
[842]188 
[559]4 303 
[282]34 967 
[78]117 928 139 
[636]76 
[664]365 974 
[345]161 853 
[154]968 949 
[609]111 
[912]162 213 
[462]275 134 
[557]569 592 
[281]989 
[560]793 54 
[536]100 44 414 43 
[513]272 
[419]741 280 
[921]263 887 
[728]233 
[668]914 324 307 682 
[787]910 768 627 
[147]776 591 
[459]318 331 
[718]598 
[527]142 650 270 
[239]709 229 111 
[595]486 
[264]276 
[961]412 105 949 
[475]830 
[957]847 434 427 
[489]299 358 856 508 
[326]20 342 506 191 408 
[395]319 
[351]285 835 
[514]466 
[621]699 13 186 
[968]256 726 539 154 
[721]637 21 
[192]628 810 626 887 
[414]160 821 31 536 
[915]647 534 817 
[802]893 
[220]134 641 294 759 884 
[901]500 
[653]670 313 84 
[434]957 
[4]559 
[724]683 
[903]435 
[125]723 
[880]749 389 
[743]381 446 881 
[649]946 362 
[44]244 536 
[336]992 
[894]46 
[245]593 941 
[995]590 390 394 782 
[510]695 
[970]174 71 540 
[874]259 502 605 
[114]941 
[693]382 
[287]367 
[699]621 58 212 231 
[357]799 
[191]158 326 
[193]663 
[988]332 
[137]996 
[571]800 343 
[994]982 175 585 999 
[779]422 958 579 
[472]97 258 
[499]619 346 173 629 686 
[140]538 855 
[529]53 
[795]998 
[800]758 935 571 
[789]284 927 677 
[241]75 777 
[688]52 592 732 
[780]377 104 
[88]692 163 
[423]805 
[506]359 326 
[737]219 818 902 
[410]47 
[98]501 914 
[856]101 489 
[240]284 
[599]208 99 217 485 
[865]804 9 
[277]343 
[534]429 179 497 915 
[852]413 610 531 
[900]678 
[806]497 
[170]601 719 
[448]53 
[465]3 945 
[754]117 
[645]17 199 
[446]250 743 289 608 
[774]908 
[35]884 372 972 206 375 918 
[120]90 139 
[952]90 887 
[375]133 35 
[159]15 573 20 152 
[629]499 
[100]420 963 536 
[680]998 
[3]465 686 
[91]126 
[158]399 191 
[302]554 342 163 
[418]631 887 
[928]576 547 78 
[679]939 
[847]957 457 
[535]116 121 
[610]852 
[550]501 272 
[105]961 
[212]124 699 
[764]620 
[405]687 
[481]23 642 
[493]479 11 485 
[522]1 
[631]579 495 632 418 
[342]326 572 953 302 
[67]256 183 
[773]498 
[97]472 
[227]570 
[87]323 969 
[586]250 303 
[646]753 
[138]831 377 1000 443 
[971]258 
[141]521 
[925]710 
[866]964 665 81 
[90]952 120 
[623]299 145 384 
[335]389 
[29]548 
[575]347 371 382 
[206]35 
[51]283 202 441 
[558]541 92 
[807]620 
[482]999 829 381 
[323]87 700 814 
[768]787 
[167]983 
[394]896 792 602 995 
[537]163 
[561]982 495 444 
[519]149 524 889 
[464]356 117 
[937]210 
[256]968 223 67 
[984]814 28 
[993]273 353 
[544]276 
[426]985 
[654]477 981 515 
[490]751 674 347 
[875]951 388 
[574]346 958 897 
[453]454 
[12]876 
[337]825 966 924 
[307]936 668 
[911]183 
[13]473 317 621 
[41]172 334 165 
[615]816 601 
[263]921 
[392]363 670 485 
[16]190 878 
[424]364 
[320]407 201 868 
[839]331 
[501]550 98 208 
[285]909 716 380 351 
[295]352 
[991]338 
[504]292 589 954 
[658]948 794 
[243]731 
[759]818 391 220 
[217]599 14 
[18]877 270 
[113]396 702 402 
[520]39 
[317]13 
[478]998 
[958]779 574 
[268]393 
[328]545 210 
[935]896 800 
[578]194 598 
[966]337 
[816]798 615 
[456]218 312 
[946]649 713 625 512 853 
[361]348 902 
[553]144 545 273 
[82]837 
[670]653 392 
[445]508 833 
[25]619 99 886 
[524]399 519 
[8]950 
[502]874 
[905]278 
[294]269 220 
[692]676 88 
[194]810 871 578 
[702]113 
[313]653 
[399]524 158 
[391]906 759 
[944]300 884 
[379]683 
[628]192 9 822 94 540 
[573]159 19 
[890]349 660 906 
[290]427 655 667 
[885]103 
[133]157 436 375 
[927]867 265 789 
[772]741 21 
[763]248 
[160]414 121 
[704]837 142 
[541]558 
[301]353 483 
[232]148 
[252]132 397 
[467]385 917 
[871]194 112 
[293]990 503 
[827]568 
[919]350 
[953]200 342 
[204]734 
[387]999 898 
[85]735 314 330 
[767]883 
[572]975 342 746 
[436]977 7 133 
[325]73 350 
[829]906 482 103 
[934]888 425 132 661 
[798]439 816 
[460]127 349 
[612]369 401 
[495]631 719 404 603 561 
[511]54 70 
[222]108 889 
[89]312 319 166 
[226]731 
[298]324 591 
[145]623 
[409]837 
[94]771 628 
[765]528 269 
[660]64 890 
[635]437 155 555 
[354]346 864 213 
[613]760 846 624 
[655]33 672 290 
[517]566 84 
[566]517 
[582]279 435 
[438]997 422 40 
[75]241 
[556]406 296 659 
[431]682 
[132]252 95 934 
[528]273 765 
[390]758 596 995 
[371]956 575 
[66]332 985 979 266 663 
[161]345 368 168 
[980]385 916 
[229]64 239 
[315]770 242 
[275]462 
[587]219 867 
[864]354 
[122]149 
[673]73 202 992 46 
[943]812 
[484]707 
[547]928 
[637]721 
[899]642 
[750]784 
[533]549 674 
[396]518 113 
[20]326 273 159 
[593]332 245 370 
[127]460 
[826]726 
[244]44 
[583]739 
[603]516 230 495 
[727]215 21 
[5]442 711 
[413]461 852 
[169]540 
[576]403 928 
[344]73 
[279]96 582 
[545]328 553 
[844]463 
[324]298 297 668 
[962]863 401 
[22]373 77 
[650]527 
[214]250 
[858]918 106 530 814 
[990]293 
[86]521 
[202]673 51 
[979]66 56 
[296]384 761 618 556 
[422]779 438 
[348]361 
[778]172 402 
[987]359 190 
[907]27 850 887 
[741]565 419 772 
[577]71 898 
[963]100 
[715]284 
[164]592 643 190 
[221]857 
[17]645 397 
[738]452 
[27]907 788 350 
[178]523 
[869]659 
[752]696 362 
[223]256 
[289]446 
[473]13 
[420]838 100 
[622]546 
[788]27 
[369]65 976 612 
[647]915 
[359]987 569 506 
[771]94 
[476]341 666 
[358]489 830 
[96]532 933 279 
[617]516 
[299]489 623 
[672]492 655 
[340]841 457 
[972]35 
[518]396 
[37]450 197 329 139 
[433]682 
[804]865 
[791]32 
[123]690 601 
[477]654 651 
[662]910 555 
[785]579 
[492]672 
[1000]138 
[267]989 951 500 
[614]65 
[101]196 554 786 856 
[266]66 119 
[172]41 778 
[770]315 
[407]219 813 320 306 882 
[776]992 147 
[685]978 
[947]110 
[758]390 800 
[95]132 
[11]493 
[415]485 
[813]407 469 810 
[786]101 
[411]562 580 
[265]927 121 
[259]247 874 
[271]447 
[314]85 
[71]577 970 
[616]726 
[377]305 780 480 138 
[480]377 
[300]944 
[356]464 19 
[539]428 968 
[932]868 
[602]394 
[329]37 
[304]310 924 
[2]638 
[809]840 644 
[910]662 787 920 914 
[594]255 21 
[749]880 
[179]534 530 
[747]683 
[940]828 
[762]36 902 
[189]815 
[618]296 
[588]45 
[173]769 499 
[938]234 
[740]384 674 569 
[321]712 843 
[440]274 
[997]438 
[93]128 640 
[584]136 272 
[99]599 862 25 
[247]975 742 259 
[735]85 998 
[404]495 
[15]159 347 
[597]703 496 
[260]457 
[7]436 
[860]626 
[956]376 371 
[491]224 999 
[929]151 435 
[960]967 
[846]613 
[211]641 
[554]101 302 
[116]535 
[297]324 
[792]394 
[923]996 
[793]560 
[451]676 906 
[703]597 121 
[283]51 
[549]533 
[922]781 775 
[783]374 
[512]33 946 
[201]320 
[318]459 
[219]407 737 587 
[24]581 663 
[428]539 
[253]58 508 
[365]664 
[286]81 
[385]467 980 
[973]620 
[175]994 942 228 
[982]994 561 
[200]953 
[34]282 
[376]956 
[176]393 
[913]373 
[310]21 304 
[255]383 208 708 594 
[31]414 
[761]296 333 
[877]18 
[107]111 
[766]619 677 
[224]491 
[144]553 261 
[469]813 
[412]961 
[840]471 809 
[218]456 
[895]872 
[733]811 555 
[948]658 
[700]323 386 
[781]430 922 
[818]906 737 759 
[109]579 143 
[606]605 
[308]508 
[236]579 
[230]769 603 
[108]70 222 
[676]692 451 
[334]41 
[136]584 
[36]258 762 
[981]654 
[625]835 946 
[863]962 
[430]677 781 
[822]416 628 
[831]138 
[380]285 
[669]705 
[339]155 
[633]378 309 
[862]47 99 
[933]96 
[346]354 499 574 
[607]815 638 
[589]504 
[769]173 230 
[698]892 
[215]727 
[205]657 886 
[808]118 
[488]782 
[33]512 655 
[562]411 
[643]164 
[596]390 
[341]476 
[567]103 
[416]822 
[630]1 
[790]656 
[760]613 
[888]934 106 
[632]631 671 
[841]340 
[920]910 274 
[590]995 
[585]994 
[26]70 
[716]285 
[849]848 
[494]134 486 
[372]35 
[825]337 
[197]37 
[102]403 
[986]906 
[690]123 72 
[196]101 19 
[619]552 499 766 25 
[976]437 369 
[209]682 
[821]414 68 
[936]307 
[964]866 833 
[713]946 
[461]413 
[657]797 205 
[896]935 394 
[368]161 
[48]39 
[873]366 
[10]408 
[665]866 
[58]699 253 
[162]912 
[708]255 
[128]93 
